default_place_coordinates = -1.47485,-48.45651
default_place_name = UFPA
map_region_bounds = -1.457886,-48.437957,-1.479967,-48.459779