default_place_coordinates = -1.47485,-48.45651
map_region_name = Universidade Federal do Pará
map_region_bounds = -1.457886,-48.437957,-1.479967,-48.459779